# transform file /usr/local/freesurfer/subjects/3634/mri/transforms/cc_up.lta
# created by ubuntu on Sat Jan 27 13:54:01 2018

type      = 0 # LINEAR_VOX_TO_VOX
nxforms   = 1
mean      = 130.0000 133.0000 137.0000
sigma     = 10000.0000
1 4 4
9.973942041397095e-01 -5.630922690033913e-02 4.510102793574333e-02 1.488598942756653e+00 
5.625174567103386e-02 9.984134435653687e-01 2.543639857321978e-03 1.163530635833740e+01 
-4.517269879579544e-02 0.000000000000000e+00 9.989792108535767e-01 2.919197320938110e+00 
0.000000000000000e+00 0.000000000000000e+00 0.000000000000000e+00 1.000000000000000e+00 
src volume info
valid = 1  # volume info valid
filename = /usr/local/freesurfer/subjects/3634/mri/norm.mgz
volume = 256 256 256
voxelsize = 1.000000000000000e+00 1.000000000000000e+00 1.000000000000000e+00
xras   = -1.000000000000000e+00 0.000000000000000e+00 0.000000000000000e+00
yras   = 0.000000000000000e+00 0.000000000000000e+00 -1.000000000000000e+00
zras   = 0.000000000000000e+00 1.000000000000000e+00 0.000000000000000e+00
cras   = 2.203833923339844e+02 3.050068969726562e+02 5.216014404296875e+02
dst volume info
valid = 1  # volume info valid
filename = /usr/local/freesurfer/subjects/3634/mri/norm.mgz
volume = 256 256 256
voxelsize = 1.000000000000000e+00 1.000000000000000e+00 1.000000000000000e+00
xras   = -1.000000000000000e+00 0.000000000000000e+00 0.000000000000000e+00
yras   = 0.000000000000000e+00 0.000000000000000e+00 -1.000000000000000e+00
zras   = 0.000000000000000e+00 1.000000000000000e+00 0.000000000000000e+00
cras   = 2.203833923339844e+02 3.050068969726562e+02 5.216014404296875e+02
