# transform file /usr/local/freesurfer/subjects/3406/mri/transforms/cc_up.lta
# created by ubuntu on Thu Jan 25 07:16:06 2018

type      = 0 # LINEAR_VOX_TO_VOX
nxforms   = 1
mean      = 129.0000 115.0000 118.0000
sigma     = 10000.0000
1 4 4
9.905889630317688e-01 7.419898360967636e-02 -1.150133460760117e-01 4.204424381256104e+00 
-7.370386272668839e-02 9.972435235977173e-01 8.557462133467197e-03 4.387943267822266e+01 
1.153312623500824e-01 0.000000000000000e+00 9.933270812034607e-01 1.754304051399231e+00 
0.000000000000000e+00 0.000000000000000e+00 0.000000000000000e+00 1.000000000000000e+00 
src volume info
valid = 1  # volume info valid
filename = /usr/local/freesurfer/subjects/3406/mri/norm.mgz
volume = 256 256 256
voxelsize = 1.000000000000000e+00 1.000000000000000e+00 1.000000000000000e+00
xras   = -1.000000000000000e+00 0.000000000000000e+00 0.000000000000000e+00
yras   = 0.000000000000000e+00 0.000000000000000e+00 -1.000000000000000e+00
zras   = 0.000000000000000e+00 1.000000000000000e+00 0.000000000000000e+00
cras   = 1.949329833984375e+02 3.050058288574219e+02 5.152870483398438e+02
dst volume info
valid = 1  # volume info valid
filename = /usr/local/freesurfer/subjects/3406/mri/norm.mgz
volume = 256 256 256
voxelsize = 1.000000000000000e+00 1.000000000000000e+00 1.000000000000000e+00
xras   = -1.000000000000000e+00 0.000000000000000e+00 0.000000000000000e+00
yras   = 0.000000000000000e+00 0.000000000000000e+00 -1.000000000000000e+00
zras   = 0.000000000000000e+00 1.000000000000000e+00 0.000000000000000e+00
cras   = 1.949329833984375e+02 3.050058288574219e+02 5.152870483398438e+02
