# transform file /usr/local/freesurfer/subjects/3405/mri/transforms/cc_up.lta
# created by ubuntu on Thu Jan 25 06:25:29 2018

type      = 0 # LINEAR_VOX_TO_VOX
nxforms   = 1
mean      = 129.0000 118.0000 111.0000
sigma     = 10000.0000
1 4 4
9.982159733772278e-01 -1.923216879367828e-02 -5.652258917689323e-02 6.032765865325928e+00 
1.920141093432903e-02 9.998149871826172e-01 -1.087253214791417e-03 2.563537406921387e+01 
5.653304606676102e-02 0.000000000000000e+00 9.984006881713867e-01 2.883621025085449e+01 
0.000000000000000e+00 0.000000000000000e+00 0.000000000000000e+00 1.000000000000000e+00 
src volume info
valid = 1  # volume info valid
filename = /usr/local/freesurfer/subjects/3405/mri/norm.mgz
volume = 256 256 256
voxelsize = 1.000000000000000e+00 1.000000000000000e+00 1.000000000000000e+00
xras   = -9.999999403953552e-01 0.000000000000000e+00 0.000000000000000e+00
yras   = 0.000000000000000e+00 0.000000000000000e+00 -1.000000000000000e+00
zras   = 0.000000000000000e+00 9.999999403953552e-01 0.000000000000000e+00
cras   = 1.544252014160156e+02 2.913007202148438e+02 5.086560668945312e+02
dst volume info
valid = 1  # volume info valid
filename = /usr/local/freesurfer/subjects/3405/mri/norm.mgz
volume = 256 256 256
voxelsize = 1.000000000000000e+00 1.000000000000000e+00 1.000000000000000e+00
xras   = -9.999999403953552e-01 0.000000000000000e+00 0.000000000000000e+00
yras   = 0.000000000000000e+00 0.000000000000000e+00 -1.000000000000000e+00
zras   = 0.000000000000000e+00 9.999999403953552e-01 0.000000000000000e+00
cras   = 1.544252014160156e+02 2.913007202148438e+02 5.086560668945312e+02
