# transform file /usr/local/freesurfer/subjects/3658/mri/transforms/cc_up.lta
# created by ubuntu on Sat Jan 27 14:03:21 2018

type      = 0 # LINEAR_VOX_TO_VOX
nxforms   = 1
mean      = 129.0000 139.0000 125.0000
sigma     = 10000.0000
1 4 4
9.985633492469788e-01 5.106809362769127e-02 -1.622603833675385e-02 -6.493742942810059e+00 
-5.106135457754135e-02 9.986951351165771e-01 8.297155145555735e-04 6.710083961486816e+00 
1.624723710119724e-02 0.000000000000000e+00 9.998679757118225e-01 2.690499114990234e+01 
0.000000000000000e+00 0.000000000000000e+00 0.000000000000000e+00 1.000000000000000e+00 
src volume info
valid = 1  # volume info valid
filename = /usr/local/freesurfer/subjects/3658/mri/norm.mgz
volume = 256 256 256
voxelsize = 1.000000000000000e+00 1.000000000000000e+00 1.000000000000000e+00
xras   = -1.000000000000000e+00 0.000000000000000e+00 0.000000000000000e+00
yras   = 0.000000000000000e+00 0.000000000000000e+00 -1.000000000000000e+00
zras   = 0.000000000000000e+00 1.000000000000000e+00 0.000000000000000e+00
cras   = 2.287508087158203e+02 2.302537078857422e+02 4.552630310058594e+02
dst volume info
valid = 1  # volume info valid
filename = /usr/local/freesurfer/subjects/3658/mri/norm.mgz
volume = 256 256 256
voxelsize = 1.000000000000000e+00 1.000000000000000e+00 1.000000000000000e+00
xras   = -1.000000000000000e+00 0.000000000000000e+00 0.000000000000000e+00
yras   = 0.000000000000000e+00 0.000000000000000e+00 -1.000000000000000e+00
zras   = 0.000000000000000e+00 1.000000000000000e+00 0.000000000000000e+00
cras   = 2.287508087158203e+02 2.302537078857422e+02 4.552630310058594e+02
