# transform file /usr/local/freesurfer/subjects/3967/mri/transforms/cc_up.lta
# created by ubuntu on Mon Jan 29 05:03:17 2018

type      = 0 # LINEAR_VOX_TO_VOX
nxforms   = 1
mean      = 130.0000 107.0000 111.0000
sigma     = 10000.0000
1 4 4
9.998942613601685e-01 -5.416252184659243e-03 1.350394077599049e-02 -2.958635807037354e+00 
5.415758583694696e-03 9.999853968620300e-01 7.314181857509539e-05 3.828937911987305e+01 
-1.350413821637630e-02 0.000000000000000e+00 9.999089241027832e-01 4.276725387573242e+01 
0.000000000000000e+00 0.000000000000000e+00 0.000000000000000e+00 1.000000000000000e+00 
src volume info
valid = 1  # volume info valid
filename = /usr/local/freesurfer/subjects/3967/mri/norm.mgz
volume = 256 256 256
voxelsize = 1.000000000000000e+00 1.000000000000000e+00 1.000000000000000e+00
xras   = -1.000000000000000e+00 0.000000000000000e+00 0.000000000000000e+00
yras   = 0.000000000000000e+00 0.000000000000000e+00 -1.000000000000000e+00
zras   = 0.000000000000000e+00 1.000000000000000e+00 0.000000000000000e+00
cras   = 1.807273559570312e+02 2.861284790039062e+02 5.344339599609375e+02
dst volume info
valid = 1  # volume info valid
filename = /usr/local/freesurfer/subjects/3967/mri/norm.mgz
volume = 256 256 256
voxelsize = 1.000000000000000e+00 1.000000000000000e+00 1.000000000000000e+00
xras   = -1.000000000000000e+00 0.000000000000000e+00 0.000000000000000e+00
yras   = 0.000000000000000e+00 0.000000000000000e+00 -1.000000000000000e+00
zras   = 0.000000000000000e+00 1.000000000000000e+00 0.000000000000000e+00
cras   = 1.807273559570312e+02 2.861284790039062e+02 5.344339599609375e+02
