# transform file transforms/talairach.lta
# created by ubuntu on Sun Jan 28 19:22:07 2018

type      = 0 # LINEAR_VOX_TO_VOX
nxforms   = 1
mean      = 130.0000 108.0000 111.0000
sigma     = 10000.0000
1 4 4
1.060213327407837e+00 1.141803455539048e-03 -6.815380766056478e-04 -1.171354866027832e+01 
9.223735542036593e-04 1.144764542579651e+00 9.784666448831558e-02 -6.847335815429688e+00 
1.273411908186972e-03 -1.150416880846024e-01 1.011320471763611e+00 9.517718315124512e+00 
0.000000000000000e+00 0.000000000000000e+00 0.000000000000000e+00 1.000000000000000e+00 
src volume info
valid = 1  # volume info valid
filename = nu.mgz
volume = 256 256 256
voxelsize = 1.000000000000000e+00 1.000000000000000e+00 1.000000000000000e+00
xras   = -1.000000000000000e+00 0.000000000000000e+00 0.000000000000000e+00
yras   = 0.000000000000000e+00 0.000000000000000e+00 -1.000000000000000e+00
zras   = 0.000000000000000e+00 1.000000000000000e+00 0.000000000000000e+00
cras   = 1.807273559570312e+02 2.861284790039062e+02 5.344339599609375e+02
dst volume info
valid = 1  # volume info valid
filename = /usr/local/freesurfer/average/RB_all_2016-05-10.vc700.gca
volume = 256 256 256
voxelsize = 1.000000000000000e+00 1.000000000000000e+00 1.000000000000000e+00
xras   = -1.000000000000000e+00 0.000000000000000e+00 0.000000000000000e+00
yras   = 0.000000000000000e+00 0.000000000000000e+00 -1.000000000000000e+00
zras   = 0.000000000000000e+00 1.000000000000000e+00 0.000000000000000e+00
cras   = 0.000000000000000e+00 0.000000000000000e+00 0.000000000000000e+00
