# transform file /usr/local/freesurfer/subjects/3077/mri/transforms/cc_up.lta
# created by ubuntu on Mon Jan 22 09:36:33 2018

type      = 0 # LINEAR_VOX_TO_VOX
nxforms   = 1
mean      = 127.0000 119.0000 107.0000
sigma     = 10000.0000
1 4 4
9.999815821647644e-01 7.857842720113695e-04 6.022039800882339e-03 1.819487452507019e+00 
-7.857700111344457e-04 9.999997019767761e-01 -4.732025445264298e-06 3.510069656372070e+01 
-6.022041663527489e-03 0.000000000000000e+00 9.999818801879883e-01 3.376976394653320e+01 
0.000000000000000e+00 0.000000000000000e+00 0.000000000000000e+00 1.000000000000000e+00 
src volume info
valid = 1  # volume info valid
filename = /usr/local/freesurfer/subjects/3077/mri/norm.mgz
volume = 256 256 256
voxelsize = 1.000000000000000e+00 1.000000000000000e+00 1.000000000000000e+00
xras   = -1.000000000000000e+00 0.000000000000000e+00 0.000000000000000e+00
yras   = 0.000000000000000e+00 0.000000000000000e+00 -1.000000000000000e+00
zras   = 0.000000000000000e+00 1.000000000000000e+00 0.000000000000000e+00
cras   = 2.371062011718750e+02 3.140451660156250e+02 5.432746582031250e+02
dst volume info
valid = 1  # volume info valid
filename = /usr/local/freesurfer/subjects/3077/mri/norm.mgz
volume = 256 256 256
voxelsize = 1.000000000000000e+00 1.000000000000000e+00 1.000000000000000e+00
xras   = -1.000000000000000e+00 0.000000000000000e+00 0.000000000000000e+00
yras   = 0.000000000000000e+00 0.000000000000000e+00 -1.000000000000000e+00
zras   = 0.000000000000000e+00 1.000000000000000e+00 0.000000000000000e+00
cras   = 2.371062011718750e+02 3.140451660156250e+02 5.432746582031250e+02
