# transform file /usr/local/freesurfer/subjects/3227/mri/transforms/cc_up.lta
# created by ubuntu on Tue Jan 23 15:02:32 2018

type      = 0 # LINEAR_VOX_TO_VOX
nxforms   = 1
mean      = 126.0000 132.0000 118.0000
sigma     = 10000.0000
1 4 4
9.908412098884583e-01 -1.487660128623247e-02 -1.342102885246277e-01 1.615679168701172e+01 
1.474198047071695e-02 9.998893141746521e-01 -1.996813807636499e-03 1.432356929779053e+01 
1.342251449823380e-01 0.000000000000000e+00 9.909508228302002e-01 -2.417664527893066e+00 
0.000000000000000e+00 0.000000000000000e+00 0.000000000000000e+00 1.000000000000000e+00 
src volume info
valid = 1  # volume info valid
filename = /usr/local/freesurfer/subjects/3227/mri/norm.mgz
volume = 256 256 256
voxelsize = 1.000000000000000e+00 1.000000000000000e+00 1.000000000000000e+00
xras   = -1.000000119209290e+00 0.000000000000000e+00 0.000000000000000e+00
yras   = 0.000000000000000e+00 0.000000000000000e+00 -1.000000000000000e+00
zras   = 0.000000000000000e+00 1.000000119209290e+00 0.000000000000000e+00
cras   = 7.517788696289062e+02 7.940187988281250e+02 3.246370697021484e+01
dst volume info
valid = 1  # volume info valid
filename = /usr/local/freesurfer/subjects/3227/mri/norm.mgz
volume = 256 256 256
voxelsize = 1.000000000000000e+00 1.000000000000000e+00 1.000000000000000e+00
xras   = -1.000000119209290e+00 0.000000000000000e+00 0.000000000000000e+00
yras   = 0.000000000000000e+00 0.000000000000000e+00 -1.000000000000000e+00
zras   = 0.000000000000000e+00 1.000000119209290e+00 0.000000000000000e+00
cras   = 7.517788696289062e+02 7.940187988281250e+02 3.246370697021484e+01
