# transform file /usr/local/freesurfer/subjects/3081/mri/transforms/cc_up.lta
# created by ubuntu on Wed Jan 31 07:19:12 2018

type      = 0 # LINEAR_VOX_TO_VOX
nxforms   = 1
mean      = 129.0000 125.0000 114.0000
sigma     = 10000.0000
1 4 4
9.998611807823181e-01 1.665824465453625e-02 3.194668388459831e-04 -2.911807537078857e+00 
-1.665824465453625e-02 9.998612403869629e-01 -5.322495781001635e-06 1.616525077819824e+01 
-3.195111639797688e-04 0.000000000000000e+00 9.999999403953552e-01 3.204122543334961e+01 
0.000000000000000e+00 0.000000000000000e+00 0.000000000000000e+00 1.000000000000000e+00 
src volume info
valid = 1  # volume info valid
filename = /usr/local/freesurfer/subjects/3081/mri/norm.mgz
volume = 256 256 256
voxelsize = 1.000000000000000e+00 1.000000000000000e+00 1.000000000000000e+00
xras   = -1.000000000000000e+00 0.000000000000000e+00 0.000000000000000e+00
yras   = 0.000000000000000e+00 0.000000000000000e+00 -1.000000000000000e+00
zras   = 0.000000000000000e+00 1.000000000000000e+00 0.000000000000000e+00
cras   = 2.255473785400391e+02 3.026061401367188e+02 5.510889892578125e+02
dst volume info
valid = 1  # volume info valid
filename = /usr/local/freesurfer/subjects/3081/mri/norm.mgz
volume = 256 256 256
voxelsize = 1.000000000000000e+00 1.000000000000000e+00 1.000000000000000e+00
xras   = -1.000000000000000e+00 0.000000000000000e+00 0.000000000000000e+00
yras   = 0.000000000000000e+00 0.000000000000000e+00 -1.000000000000000e+00
zras   = 0.000000000000000e+00 1.000000000000000e+00 0.000000000000000e+00
cras   = 2.255473785400391e+02 3.026061401367188e+02 5.510889892578125e+02
