# transform file transforms/talairach.lta
# created by ubuntu on Wed Jan 31 01:18:00 2018

type      = 0 # LINEAR_VOX_TO_VOX
nxforms   = 1
mean      = 129.0000 126.0000 114.0000
sigma     = 10000.0000
1 4 4
1.018722772598267e+00 1.969167403876781e-02 2.891504904255271e-03 -9.168346405029297e+00 
-1.659234240651131e-02 1.197731494903564e+00 1.758736521005630e-01 -4.542662429809570e+01 
0.000000000000000e+00 -1.577704250812531e-01 1.052025437355042e+00 9.777970314025879e+00 
0.000000000000000e+00 0.000000000000000e+00 0.000000000000000e+00 1.000000000000000e+00 
src volume info
valid = 1  # volume info valid
filename = nu.mgz
volume = 256 256 256
voxelsize = 1.000000000000000e+00 1.000000000000000e+00 1.000000000000000e+00
xras   = -1.000000000000000e+00 0.000000000000000e+00 0.000000000000000e+00
yras   = 0.000000000000000e+00 0.000000000000000e+00 -1.000000000000000e+00
zras   = 0.000000000000000e+00 1.000000000000000e+00 0.000000000000000e+00
cras   = 2.255473785400391e+02 3.026061401367188e+02 5.510889892578125e+02
dst volume info
valid = 1  # volume info valid
filename = /usr/local/freesurfer/average/RB_all_2016-05-10.vc700.gca
volume = 256 256 256
voxelsize = 1.000000000000000e+00 1.000000000000000e+00 1.000000000000000e+00
xras   = -1.000000000000000e+00 0.000000000000000e+00 0.000000000000000e+00
yras   = 0.000000000000000e+00 0.000000000000000e+00 -1.000000000000000e+00
zras   = 0.000000000000000e+00 1.000000000000000e+00 0.000000000000000e+00
cras   = 0.000000000000000e+00 0.000000000000000e+00 0.000000000000000e+00
