# transform file /usr/local/freesurfer/subjects/3076/mri/transforms/cc_up.lta
# created by ubuntu on Mon Jan 22 08:53:22 2018

type      = 0 # LINEAR_VOX_TO_VOX
nxforms   = 1
mean      = 129.0000 105.0000 116.0000
sigma     = 10000.0000
1 4 4
9.978947639465332e-01 3.157085180282593e-02 -5.665239691734314e-02 2.725986480712891e+00 
-3.152009844779968e-02 9.995015859603882e-01 1.789456116966903e-03 5.291758728027344e+01 
5.668064951896667e-02 2.328306714094452e-10 9.983924627304077e-01 1.585700130462646e+01 
0.000000000000000e+00 0.000000000000000e+00 0.000000000000000e+00 1.000000000000000e+00 
src volume info
valid = 1  # volume info valid
filename = /usr/local/freesurfer/subjects/3076/mri/norm.mgz
volume = 256 256 256
voxelsize = 1.000000000000000e+00 1.000000000000000e+00 1.000000000000000e+00
xras   = -1.000000000000000e+00 0.000000000000000e+00 0.000000000000000e+00
yras   = 0.000000000000000e+00 0.000000000000000e+00 -1.000000000000000e+00
zras   = 0.000000000000000e+00 1.000000000000000e+00 0.000000000000000e+00
cras   = 2.192871398925781e+02 2.990819396972656e+02 5.202800292968750e+02
dst volume info
valid = 1  # volume info valid
filename = /usr/local/freesurfer/subjects/3076/mri/norm.mgz
volume = 256 256 256
voxelsize = 1.000000000000000e+00 1.000000000000000e+00 1.000000000000000e+00
xras   = -1.000000000000000e+00 0.000000000000000e+00 0.000000000000000e+00
yras   = 0.000000000000000e+00 0.000000000000000e+00 -1.000000000000000e+00
zras   = 0.000000000000000e+00 1.000000000000000e+00 0.000000000000000e+00
cras   = 2.192871398925781e+02 2.990819396972656e+02 5.202800292968750e+02
