# transform file /usr/local/freesurfer/subjects/3603/mri/transforms/cc_up.lta
# created by ubuntu on Sat Jan 27 14:06:12 2018

type      = 0 # LINEAR_VOX_TO_VOX
nxforms   = 1
mean      = 127.0000 124.0000 134.0000
sigma     = 10000.0000
1 4 4
9.994366765022278e-01 1.918294699862599e-03 -3.350879624485970e-02 5.838945388793945e+00 
-1.917217508889735e-03 9.999982118606567e-01 6.427986227208748e-05 3.123415756225586e+01 
3.350885584950447e-02 0.000000000000000e+00 9.994385242462158e-01 5.844147682189941e+00 
0.000000000000000e+00 0.000000000000000e+00 0.000000000000000e+00 1.000000000000000e+00 
src volume info
valid = 1  # volume info valid
filename = /usr/local/freesurfer/subjects/3603/mri/norm.mgz
volume = 256 256 256
voxelsize = 1.000000000000000e+00 1.000000000000000e+00 1.000000000000000e+00
xras   = -1.000000000000000e+00 0.000000000000000e+00 0.000000000000000e+00
yras   = 0.000000000000000e+00 0.000000000000000e+00 -1.000000000000000e+00
zras   = 0.000000000000000e+00 1.000000000000000e+00 0.000000000000000e+00
cras   = 2.173856201171875e+02 2.914119873046875e+02 5.035646362304688e+02
dst volume info
valid = 1  # volume info valid
filename = /usr/local/freesurfer/subjects/3603/mri/norm.mgz
volume = 256 256 256
voxelsize = 1.000000000000000e+00 1.000000000000000e+00 1.000000000000000e+00
xras   = -1.000000000000000e+00 0.000000000000000e+00 0.000000000000000e+00
yras   = 0.000000000000000e+00 0.000000000000000e+00 -1.000000000000000e+00
zras   = 0.000000000000000e+00 1.000000000000000e+00 0.000000000000000e+00
cras   = 2.173856201171875e+02 2.914119873046875e+02 5.035646362304688e+02
