# transform file /usr/local/freesurfer/subjects/3424/mri/transforms/cc_up.lta
# created by ubuntu on Thu Jan 25 07:19:02 2018

type      = 0 # LINEAR_VOX_TO_VOX
nxforms   = 1
mean      = 128.0000 120.0000 112.0000
sigma     = 10000.0000
1 4 4
9.997836351394653e-01 2.070416882634163e-02 2.008607145398855e-03 -2.601093530654907e+00 
-2.070412784814835e-02 9.997856616973877e-01 -4.159546006121673e-05 3.068312644958496e+01 
-2.009037882089615e-03 0.000000000000000e+00 9.999980330467224e-01 2.625806427001953e+01 
0.000000000000000e+00 0.000000000000000e+00 0.000000000000000e+00 1.000000000000000e+00 
src volume info
valid = 1  # volume info valid
filename = /usr/local/freesurfer/subjects/3424/mri/norm.mgz
volume = 256 256 256
voxelsize = 1.000000000000000e+00 1.000000000000000e+00 1.000000000000000e+00
xras   = -1.000000000000000e+00 0.000000000000000e+00 0.000000000000000e+00
yras   = 0.000000000000000e+00 0.000000000000000e+00 -1.000000000000000e+00
zras   = 0.000000000000000e+00 1.000000000000000e+00 0.000000000000000e+00
cras   = 1.560066070556641e+02 3.110057983398438e+02 5.255310668945312e+02
dst volume info
valid = 1  # volume info valid
filename = /usr/local/freesurfer/subjects/3424/mri/norm.mgz
volume = 256 256 256
voxelsize = 1.000000000000000e+00 1.000000000000000e+00 1.000000000000000e+00
xras   = -1.000000000000000e+00 0.000000000000000e+00 0.000000000000000e+00
yras   = 0.000000000000000e+00 0.000000000000000e+00 -1.000000000000000e+00
zras   = 0.000000000000000e+00 1.000000000000000e+00 0.000000000000000e+00
cras   = 1.560066070556641e+02 3.110057983398438e+02 5.255310668945312e+02
