# transform file /usr/local/freesurfer/subjects/4024/mri/transforms/cc_up.lta
# created by ubuntu on Mon Jan 29 04:05:21 2018

type      = 0 # LINEAR_VOX_TO_VOX
nxforms   = 1
mean      = 136.0000 133.0000 122.0000
sigma     = 10000.0000
1 4 4
9.952142834663391e-01 2.952380105853081e-02 -9.315086156129837e-02 -5.909313559532166e-01 
-2.939531952142715e-02 9.995641708374023e-01 2.751366700977087e-03 1.674800109863281e+01 
9.319148957729340e-02 -2.328306714094452e-10 9.956482648849487e-01 6.800302028656006e+00 
0.000000000000000e+00 0.000000000000000e+00 0.000000000000000e+00 1.000000000000000e+00 
src volume info
valid = 1  # volume info valid
filename = /usr/local/freesurfer/subjects/4024/mri/norm.mgz
volume = 256 256 256
voxelsize = 1.000000000000000e+00 1.000000000000000e+00 1.000000000000000e+00
xras   = -1.000000000000000e+00 0.000000000000000e+00 0.000000000000000e+00
yras   = 0.000000000000000e+00 0.000000000000000e+00 -1.000000000000000e+00
zras   = 0.000000000000000e+00 1.000000000000000e+00 0.000000000000000e+00
cras   = 2.160000000000000e+02 2.725000000000000e+02 5.240000000000000e+02
dst volume info
valid = 1  # volume info valid
filename = /usr/local/freesurfer/subjects/4024/mri/norm.mgz
volume = 256 256 256
voxelsize = 1.000000000000000e+00 1.000000000000000e+00 1.000000000000000e+00
xras   = -1.000000000000000e+00 0.000000000000000e+00 0.000000000000000e+00
yras   = 0.000000000000000e+00 0.000000000000000e+00 -1.000000000000000e+00
zras   = 0.000000000000000e+00 1.000000000000000e+00 0.000000000000000e+00
cras   = 2.160000000000000e+02 2.725000000000000e+02 5.240000000000000e+02
