# transform file transforms/talairach.lta
# created by ubuntu on Sun Jan 28 19:23:28 2018

type      = 0 # LINEAR_VOX_TO_VOX
nxforms   = 1
mean      = 136.0000 133.0000 122.0000
sigma     = 10000.0000
1 4 4
1.014334797859192e+00 6.471957266330719e-02 -3.104431554675102e-02 -1.776523590087891e+01 
-4.025565087795258e-02 1.185993909835815e+00 3.987829983234406e-01 -7.109959411621094e+01 
5.128321424126625e-02 -3.570137023925781e-01 9.691870212554932e-01 3.219312667846680e+01 
0.000000000000000e+00 0.000000000000000e+00 0.000000000000000e+00 1.000000000000000e+00 
src volume info
valid = 1  # volume info valid
filename = nu.mgz
volume = 256 256 256
voxelsize = 1.000000000000000e+00 1.000000000000000e+00 1.000000000000000e+00
xras   = -1.000000000000000e+00 0.000000000000000e+00 0.000000000000000e+00
yras   = 0.000000000000000e+00 0.000000000000000e+00 -1.000000000000000e+00
zras   = 0.000000000000000e+00 1.000000000000000e+00 0.000000000000000e+00
cras   = 2.160000000000000e+02 2.725000000000000e+02 5.240000000000000e+02
dst volume info
valid = 1  # volume info valid
filename = /usr/local/freesurfer/average/RB_all_2016-05-10.vc700.gca
volume = 256 256 256
voxelsize = 1.000000000000000e+00 1.000000000000000e+00 1.000000000000000e+00
xras   = -1.000000000000000e+00 0.000000000000000e+00 0.000000000000000e+00
yras   = 0.000000000000000e+00 0.000000000000000e+00 -1.000000000000000e+00
zras   = 0.000000000000000e+00 1.000000000000000e+00 0.000000000000000e+00
cras   = 0.000000000000000e+00 0.000000000000000e+00 0.000000000000000e+00
