# transform file /usr/local/freesurfer/subjects/3958/mri/transforms/cc_up.lta
# created by ubuntu on Mon Jan 29 05:58:03 2018

type      = 0 # LINEAR_VOX_TO_VOX
nxforms   = 1
mean      = 129.0000 105.0000 110.0000
sigma     = 10000.0000
1 4 4
9.967861771583557e-01 -4.354190081357956e-03 7.999020814895630e-02 -8.442847251892090e+00 
4.340237472206354e-03 9.999905824661255e-01 3.482958709355444e-04 2.140489387512207e+01 
-7.999096810817719e-02 0.000000000000000e+00 9.967956542968750e-01 3.465209960937500e+01 
0.000000000000000e+00 0.000000000000000e+00 0.000000000000000e+00 1.000000000000000e+00 
src volume info
valid = 1  # volume info valid
filename = /usr/local/freesurfer/subjects/3958/mri/norm.mgz
volume = 256 256 256
voxelsize = 1.000000000000000e+00 1.000000000000000e+00 1.000000000000000e+00
xras   = -1.000000000000000e+00 0.000000000000000e+00 0.000000000000000e+00
yras   = 0.000000000000000e+00 0.000000000000000e+00 -9.999999403953552e-01
zras   = 0.000000000000000e+00 9.999999403953552e-01 0.000000000000000e+00
cras   = 1.814591064453125e+02 2.883235778808594e+02 5.358969726562500e+02
dst volume info
valid = 1  # volume info valid
filename = /usr/local/freesurfer/subjects/3958/mri/norm.mgz
volume = 256 256 256
voxelsize = 1.000000000000000e+00 1.000000000000000e+00 1.000000000000000e+00
xras   = -1.000000000000000e+00 0.000000000000000e+00 0.000000000000000e+00
yras   = 0.000000000000000e+00 0.000000000000000e+00 -9.999999403953552e-01
zras   = 0.000000000000000e+00 9.999999403953552e-01 0.000000000000000e+00
cras   = 1.814591064453125e+02 2.883235778808594e+02 5.358969726562500e+02
