# transform file /usr/local/freesurfer/subjects/3410/mri/transforms/cc_up.lta
# created by ubuntu on Thu Jan 25 07:08:05 2018

type      = 0 # LINEAR_VOX_TO_VOX
nxforms   = 1
mean      = 130.0000 126.0000 113.0000
sigma     = 10000.0000
1 4 4
9.991251230239868e-01 3.852342441678047e-02 1.627079956233501e-02 -8.952031135559082e+00 
-3.851831704378128e-02 9.992576241493225e-01 -6.272725877352059e-04 2.319806480407715e+01 
-1.628288626670837e-02 0.000000000000000e+00 9.998673200607300e-01 2.814933395385742e+01 
0.000000000000000e+00 0.000000000000000e+00 0.000000000000000e+00 1.000000000000000e+00 
src volume info
valid = 1  # volume info valid
filename = /usr/local/freesurfer/subjects/3410/mri/norm.mgz
volume = 256 256 256
voxelsize = 1.000000000000000e+00 1.000000000000000e+00 1.000000000000000e+00
xras   = -1.000000000000000e+00 0.000000000000000e+00 0.000000000000000e+00
yras   = 0.000000000000000e+00 0.000000000000000e+00 -1.000000000000000e+00
zras   = 0.000000000000000e+00 1.000000000000000e+00 0.000000000000000e+00
cras   = 1.762380218505859e+02 3.112619323730469e+02 5.255310668945312e+02
dst volume info
valid = 1  # volume info valid
filename = /usr/local/freesurfer/subjects/3410/mri/norm.mgz
volume = 256 256 256
voxelsize = 1.000000000000000e+00 1.000000000000000e+00 1.000000000000000e+00
xras   = -1.000000000000000e+00 0.000000000000000e+00 0.000000000000000e+00
yras   = 0.000000000000000e+00 0.000000000000000e+00 -1.000000000000000e+00
zras   = 0.000000000000000e+00 1.000000000000000e+00 0.000000000000000e+00
cras   = 1.762380218505859e+02 3.112619323730469e+02 5.255310668945312e+02
