# transform file /usr/local/freesurfer/subjects/3228/mri/transforms/cc_up.lta
# created by ubuntu on Tue Jan 23 14:13:56 2018

type      = 0 # LINEAR_VOX_TO_VOX
nxforms   = 1
mean      = 123.0000 137.0000 123.0000
sigma     = 10000.0000
1 4 4
9.972228407859802e-01 -1.409188937395811e-02 7.312980294227600e-02 -1.114572644233704e+00 
1.405415032058954e-02 9.999006986618042e-01 1.030639512464404e-03 1.016882801055908e+01 
-7.313705980777740e-02 0.000000000000000e+00 9.973219037055969e-01 4.032876205444336e+01 
0.000000000000000e+00 0.000000000000000e+00 0.000000000000000e+00 1.000000000000000e+00 
src volume info
valid = 1  # volume info valid
filename = /usr/local/freesurfer/subjects/3228/mri/norm.mgz
volume = 256 256 256
voxelsize = 1.000000000000000e+00 1.000000000000000e+00 1.000000000000000e+00
xras   = -1.000000000000000e+00 0.000000000000000e+00 0.000000000000000e+00
yras   = 0.000000000000000e+00 0.000000000000000e+00 -1.000000000000000e+00
zras   = 0.000000000000000e+00 1.000000000000000e+00 0.000000000000000e+00
cras   = 7.317881469726562e+02 7.688071899414062e+02 5.266393280029297e+01
dst volume info
valid = 1  # volume info valid
filename = /usr/local/freesurfer/subjects/3228/mri/norm.mgz
volume = 256 256 256
voxelsize = 1.000000000000000e+00 1.000000000000000e+00 1.000000000000000e+00
xras   = -1.000000000000000e+00 0.000000000000000e+00 0.000000000000000e+00
yras   = 0.000000000000000e+00 0.000000000000000e+00 -1.000000000000000e+00
zras   = 0.000000000000000e+00 1.000000000000000e+00 0.000000000000000e+00
cras   = 7.317881469726562e+02 7.688071899414062e+02 5.266393280029297e+01
