# transform file /usr/local/freesurfer/subjects/3627/mri/transforms/cc_up.lta
# created by ubuntu on Sat Jan 27 14:09:15 2018

type      = 0 # LINEAR_VOX_TO_VOX
nxforms   = 1
mean      = 126.0000 123.0000 131.0000
sigma     = 10000.0000
1 4 4
9.995662569999695e-01 1.956360973417759e-02 -2.201426029205322e-02 3.038056850433350e+00 
-1.955886557698250e-02 9.998086690902710e-01 4.307607887312770e-04 2.742545890808105e+01 
2.201847359538078e-02 2.910383045673370e-11 9.997575879096985e-01 5.262626171112061e+00 
0.000000000000000e+00 0.000000000000000e+00 0.000000000000000e+00 1.000000000000000e+00 
src volume info
valid = 1  # volume info valid
filename = /usr/local/freesurfer/subjects/3627/mri/norm.mgz
volume = 256 256 256
voxelsize = 1.000000000000000e+00 1.000000000000000e+00 1.000000000000000e+00
xras   = -1.000000000000000e+00 0.000000000000000e+00 0.000000000000000e+00
yras   = 0.000000000000000e+00 0.000000000000000e+00 -1.000000000000000e+00
zras   = 0.000000000000000e+00 1.000000000000000e+00 0.000000000000000e+00
cras   = 2.505302581787109e+02 2.928946533203125e+02 5.247651367187500e+02
dst volume info
valid = 1  # volume info valid
filename = /usr/local/freesurfer/subjects/3627/mri/norm.mgz
volume = 256 256 256
voxelsize = 1.000000000000000e+00 1.000000000000000e+00 1.000000000000000e+00
xras   = -1.000000000000000e+00 0.000000000000000e+00 0.000000000000000e+00
yras   = 0.000000000000000e+00 0.000000000000000e+00 -1.000000000000000e+00
zras   = 0.000000000000000e+00 1.000000000000000e+00 0.000000000000000e+00
cras   = 2.505302581787109e+02 2.928946533203125e+02 5.247651367187500e+02
