# transform file /usr/local/freesurfer/subjects/3411/mri/transforms/cc_up.lta
# created by ubuntu on Thu Jan 25 08:28:07 2018

type      = 0 # LINEAR_VOX_TO_VOX
nxforms   = 1
mean      = 130.0000 125.0000 117.0000
sigma     = 10000.0000
1 4 4
9.971107244491577e-01 2.599032036960125e-02 -7.137709110975266e-02 4.542465209960938e+00 
-2.592398412525654e-02 9.996622204780579e-01 1.855740323662758e-03 2.720064163208008e+01 
7.140120863914490e-02 0.000000000000000e+00 9.974476695060730e-01 4.989675045013428e+00 
0.000000000000000e+00 0.000000000000000e+00 0.000000000000000e+00 1.000000000000000e+00 
src volume info
valid = 1  # volume info valid
filename = /usr/local/freesurfer/subjects/3411/mri/norm.mgz
volume = 256 256 256
voxelsize = 1.000000000000000e+00 1.000000000000000e+00 1.000000000000000e+00
xras   = -1.000000119209290e+00 0.000000000000000e+00 0.000000000000000e+00
yras   = 0.000000000000000e+00 0.000000000000000e+00 -1.000000119209290e+00
zras   = 0.000000000000000e+00 1.000000000000000e+00 0.000000000000000e+00
cras   = 2.276110229492188e+02 3.044561767578125e+02 5.241440429687500e+02
dst volume info
valid = 1  # volume info valid
filename = /usr/local/freesurfer/subjects/3411/mri/norm.mgz
volume = 256 256 256
voxelsize = 1.000000000000000e+00 1.000000000000000e+00 1.000000000000000e+00
xras   = -1.000000119209290e+00 0.000000000000000e+00 0.000000000000000e+00
yras   = 0.000000000000000e+00 0.000000000000000e+00 -1.000000119209290e+00
zras   = 0.000000000000000e+00 1.000000000000000e+00 0.000000000000000e+00
cras   = 2.276110229492188e+02 3.044561767578125e+02 5.241440429687500e+02
