# transform file /usr/local/freesurfer/subjects/4107/mri/transforms/cc_up.lta
# created by ubuntu on Mon Jan 29 06:07:03 2018

type      = 0 # LINEAR_VOX_TO_VOX
nxforms   = 1
mean      = 130.0000 111.0000 109.0000
sigma     = 10000.0000
1 4 4
9.897772669792175e-01 5.857462435960770e-02 -1.300383508205414e-01 6.725534439086914e+00 
-5.807554721832275e-02 9.982830286026001e-01 7.630047854036093e-03 3.794899368286133e+01 
1.302620023488998e-01 4.656612873077393e-10 9.914795756340027e-01 3.008247566223145e+01 
0.000000000000000e+00 0.000000000000000e+00 0.000000000000000e+00 1.000000000000000e+00 
src volume info
valid = 1  # volume info valid
filename = /usr/local/freesurfer/subjects/4107/mri/norm.mgz
volume = 256 256 256
voxelsize = 1.000000000000000e+00 1.000000000000000e+00 1.000000000000000e+00
xras   = -1.000000000000000e+00 0.000000000000000e+00 0.000000000000000e+00
yras   = 0.000000000000000e+00 0.000000000000000e+00 -1.000000000000000e+00
zras   = 0.000000000000000e+00 1.000000000000000e+00 0.000000000000000e+00
cras   = 1.986017456054688e+02 2.843836059570312e+02 4.874358520507812e+02
dst volume info
valid = 1  # volume info valid
filename = /usr/local/freesurfer/subjects/4107/mri/norm.mgz
volume = 256 256 256
voxelsize = 1.000000000000000e+00 1.000000000000000e+00 1.000000000000000e+00
xras   = -1.000000000000000e+00 0.000000000000000e+00 0.000000000000000e+00
yras   = 0.000000000000000e+00 0.000000000000000e+00 -1.000000000000000e+00
zras   = 0.000000000000000e+00 1.000000000000000e+00 0.000000000000000e+00
cras   = 1.986017456054688e+02 2.843836059570312e+02 4.874358520507812e+02
