# transform file /usr/local/freesurfer/subjects/3628/mri/transforms/cc_up.lta
# created by ubuntu on Sat Jan 27 13:46:26 2018

type      = 0 # LINEAR_VOX_TO_VOX
nxforms   = 1
mean      = 130.0000 134.0000 135.0000
sigma     = 10000.0000
1 4 4
9.981818795204163e-01 -5.842056870460510e-02 -1.483212225139141e-02 8.029967308044434e+00 
5.841412022709846e-02 9.982920289039612e-01 -8.679835009388626e-04 -6.296501159667969e+00 
1.485749799758196e-02 0.000000000000000e+00 9.998896718025208e-01 5.075622081756592e+00 
0.000000000000000e+00 0.000000000000000e+00 0.000000000000000e+00 1.000000000000000e+00 
src volume info
valid = 1  # volume info valid
filename = /usr/local/freesurfer/subjects/3628/mri/norm.mgz
volume = 256 256 256
voxelsize = 1.000000000000000e+00 1.000000000000000e+00 1.000000000000000e+00
xras   = -1.000000000000000e+00 0.000000000000000e+00 0.000000000000000e+00
yras   = 0.000000000000000e+00 0.000000000000000e+00 -1.000000000000000e+00
zras   = 0.000000000000000e+00 1.000000000000000e+00 0.000000000000000e+00
cras   = 2.184674072265625e+02 3.312677612304688e+02 5.289963378906250e+02
dst volume info
valid = 1  # volume info valid
filename = /usr/local/freesurfer/subjects/3628/mri/norm.mgz
volume = 256 256 256
voxelsize = 1.000000000000000e+00 1.000000000000000e+00 1.000000000000000e+00
xras   = -1.000000000000000e+00 0.000000000000000e+00 0.000000000000000e+00
yras   = 0.000000000000000e+00 0.000000000000000e+00 -1.000000000000000e+00
zras   = 0.000000000000000e+00 1.000000000000000e+00 0.000000000000000e+00
cras   = 2.184674072265625e+02 3.312677612304688e+02 5.289963378906250e+02
