# transform file /usr/local/freesurfer/subjects/3970/mri/transforms/cc_up.lta
# created by ubuntu on Mon Jan 29 04:11:43 2018

type      = 0 # LINEAR_VOX_TO_VOX
nxforms   = 1
mean      = 126.0000 101.0000 105.0000
sigma     = 10000.0000
1 4 4
9.945626854896545e-01 -8.223846554756165e-02 -6.388963758945465e-02 1.645191383361816e+01 
8.206930756568909e-02 9.966126680374146e-01 -5.272044334560633e-03 2.455830764770508e+01 
6.410678476095200e-02 4.656612873077393e-10 9.979430437088013e-01 4.121326065063477e+01 
0.000000000000000e+00 0.000000000000000e+00 0.000000000000000e+00 1.000000000000000e+00 
src volume info
valid = 1  # volume info valid
filename = /usr/local/freesurfer/subjects/3970/mri/norm.mgz
volume = 256 256 256
voxelsize = 1.000000000000000e+00 1.000000000000000e+00 1.000000000000000e+00
xras   = -1.000000000000000e+00 0.000000000000000e+00 0.000000000000000e+00
yras   = 0.000000000000000e+00 0.000000000000000e+00 -1.000000000000000e+00
zras   = 0.000000000000000e+00 1.000000000000000e+00 0.000000000000000e+00
cras   = 1.902397460937500e+02 2.810064086914062e+02 5.395560913085938e+02
dst volume info
valid = 1  # volume info valid
filename = /usr/local/freesurfer/subjects/3970/mri/norm.mgz
volume = 256 256 256
voxelsize = 1.000000000000000e+00 1.000000000000000e+00 1.000000000000000e+00
xras   = -1.000000000000000e+00 0.000000000000000e+00 0.000000000000000e+00
yras   = 0.000000000000000e+00 0.000000000000000e+00 -1.000000000000000e+00
zras   = 0.000000000000000e+00 1.000000000000000e+00 0.000000000000000e+00
cras   = 1.902397460937500e+02 2.810064086914062e+02 5.395560913085938e+02
