# transform file /usr/local/freesurfer/subjects/3052/mri/transforms/cc_up.lta
# created by ubuntu on Mon Jan 22 08:44:08 2018

type      = 0 # LINEAR_VOX_TO_VOX
nxforms   = 1
mean      = 130.0000 123.0000 122.0000
sigma     = 10000.0000
1 4 4
9.987108111381531e-01 4.714054614305496e-02 1.883145794272423e-02 -8.857476234436035e+00 
-4.713217169046402e-02 9.988883137702942e-01 -8.887131698429585e-04 3.134408760070801e+01 
-1.885241642594337e-02 -5.820766785236131e-11 9.998223185539246e-01 2.447293281555176e+01 
0.000000000000000e+00 0.000000000000000e+00 0.000000000000000e+00 1.000000000000000e+00 
src volume info
valid = 1  # volume info valid
filename = /usr/local/freesurfer/subjects/3052/mri/norm.mgz
volume = 256 256 256
voxelsize = 1.000000000000000e+00 1.000000000000000e+00 1.000000000000000e+00
xras   = -1.000000000000000e+00 0.000000000000000e+00 0.000000000000000e+00
yras   = 0.000000000000000e+00 0.000000000000000e+00 -1.000000000000000e+00
zras   = 0.000000000000000e+00 1.000000000000000e+00 0.000000000000000e+00
cras   = 2.238945312500000e+02 2.994672241210938e+02 5.092022094726562e+02
dst volume info
valid = 1  # volume info valid
filename = /usr/local/freesurfer/subjects/3052/mri/norm.mgz
volume = 256 256 256
voxelsize = 1.000000000000000e+00 1.000000000000000e+00 1.000000000000000e+00
xras   = -1.000000000000000e+00 0.000000000000000e+00 0.000000000000000e+00
yras   = 0.000000000000000e+00 0.000000000000000e+00 -1.000000000000000e+00
zras   = 0.000000000000000e+00 1.000000000000000e+00 0.000000000000000e+00
cras   = 2.238945312500000e+02 2.994672241210938e+02 5.092022094726562e+02
