# transform file transforms/talairach_with_skull.lta
# created by ubuntu on Sun Jan 21 23:03:02 2018

type      = 0 # LINEAR_VOX_TO_VOX
nxforms   = 1
mean      = 130.0000 146.0000 134.0000
sigma     = 10000.0000
1 4 4
1.127983689308167e+00 3.132601082324982e-02 1.423748023808002e-02 -2.621109390258789e+01 
-2.788736857473850e-02 1.252176761627197e+00 -2.852343767881393e-02 -2.180929374694824e+01 
-1.999740675091743e-02 1.251710578799248e-02 1.063503146171570e+00 -1.812326240539551e+01 
0.000000000000000e+00 0.000000000000000e+00 0.000000000000000e+00 1.000000000000000e+00 
src volume info
valid = 1  # volume info valid
filename = nu.mgz
volume = 256 256 256
voxelsize = 1.000000000000000e+00 1.000000000000000e+00 1.000000000000000e+00
xras   = -1.000000000000000e+00 0.000000000000000e+00 0.000000000000000e+00
yras   = 0.000000000000000e+00 0.000000000000000e+00 -1.000000000000000e+00
zras   = 0.000000000000000e+00 1.000000000000000e+00 0.000000000000000e+00
cras   = 2.238945312500000e+02 2.994672241210938e+02 5.092022094726562e+02
dst volume info
valid = 1  # volume info valid
filename = /usr/local/freesurfer/average/RB_all_withskull_2016-05-10.vc700.gca
volume = 256 256 256
voxelsize = 1.000000000000000e+00 1.000000000000000e+00 1.000000000000000e+00
xras   = -1.000000000000000e+00 0.000000000000000e+00 0.000000000000000e+00
yras   = 0.000000000000000e+00 0.000000000000000e+00 -1.000000000000000e+00
zras   = 0.000000000000000e+00 1.000000000000000e+00 0.000000000000000e+00
cras   = 0.000000000000000e+00 0.000000000000000e+00 0.000000000000000e+00
