# transform file /usr/local/freesurfer/subjects/3073/mri/transforms/cc_up.lta
# created by ubuntu on Mon Jan 22 08:31:06 2018

type      = 0 # LINEAR_VOX_TO_VOX
nxforms   = 1
mean      = 131.0000 110.0000 109.0000
sigma     = 10000.0000
1 4 4
9.996720552444458e-01 2.526757598388940e-04 2.560991048812866e-02 -5.163820266723633e+00 
-2.525929012335837e-04 1.000000000000000e+00 -6.471003871411085e-06 4.303389358520508e+01 
-2.560991048812866e-02 4.547474050965727e-13 9.996720552444458e-01 2.540172767639160e+01 
0.000000000000000e+00 0.000000000000000e+00 0.000000000000000e+00 1.000000000000000e+00 
src volume info
valid = 1  # volume info valid
filename = /usr/local/freesurfer/subjects/3073/mri/norm.mgz
volume = 256 256 256
voxelsize = 1.000000000000000e+00 1.000000000000000e+00 1.000000000000000e+00
xras   = -1.000000000000000e+00 0.000000000000000e+00 0.000000000000000e+00
yras   = 0.000000000000000e+00 0.000000000000000e+00 -1.000000000000000e+00
zras   = 0.000000000000000e+00 1.000000000000000e+00 0.000000000000000e+00
cras   = 1.932767944335938e+02 3.061378173828125e+02 5.227232666015625e+02
dst volume info
valid = 1  # volume info valid
filename = /usr/local/freesurfer/subjects/3073/mri/norm.mgz
volume = 256 256 256
voxelsize = 1.000000000000000e+00 1.000000000000000e+00 1.000000000000000e+00
xras   = -1.000000000000000e+00 0.000000000000000e+00 0.000000000000000e+00
yras   = 0.000000000000000e+00 0.000000000000000e+00 -1.000000000000000e+00
zras   = 0.000000000000000e+00 1.000000000000000e+00 0.000000000000000e+00
cras   = 1.932767944335938e+02 3.061378173828125e+02 5.227232666015625e+02
