# transform file /usr/local/freesurfer/subjects/3078/mri/transforms/cc_up.lta
# created by ubuntu on Mon Jan 22 08:55:44 2018

type      = 0 # LINEAR_VOX_TO_VOX
nxforms   = 1
mean      = 128.0000 120.0000 113.0000
sigma     = 10000.0000
1 4 4
9.999173283576965e-01 -1.275654230266809e-02 1.677897409535944e-03 1.195577979087830e-01 
1.275652460753918e-02 9.999186992645264e-01 2.140590913768392e-05 2.536034011840820e+01 
-1.678033964708447e-03 -1.818989620386291e-12 9.999986886978149e-01 2.121661949157715e+01 
0.000000000000000e+00 0.000000000000000e+00 0.000000000000000e+00 1.000000000000000e+00 
src volume info
valid = 1  # volume info valid
filename = /usr/local/freesurfer/subjects/3078/mri/norm.mgz
volume = 256 256 256
voxelsize = 1.000000000000000e+00 1.000000000000000e+00 1.000000000000000e+00
xras   = -1.000000000000000e+00 0.000000000000000e+00 0.000000000000000e+00
yras   = 0.000000000000000e+00 0.000000000000000e+00 -1.000000000000000e+00
zras   = 0.000000000000000e+00 1.000000000000000e+00 0.000000000000000e+00
cras   = 2.087718048095703e+02 2.873126831054688e+02 5.201937255859375e+02
dst volume info
valid = 1  # volume info valid
filename = /usr/local/freesurfer/subjects/3078/mri/norm.mgz
volume = 256 256 256
voxelsize = 1.000000000000000e+00 1.000000000000000e+00 1.000000000000000e+00
xras   = -1.000000000000000e+00 0.000000000000000e+00 0.000000000000000e+00
yras   = 0.000000000000000e+00 0.000000000000000e+00 -1.000000000000000e+00
zras   = 0.000000000000000e+00 1.000000000000000e+00 0.000000000000000e+00
cras   = 2.087718048095703e+02 2.873126831054688e+02 5.201937255859375e+02
