# transform file /usr/local/freesurfer/subjects/3225/mri/transforms/cc_up.lta
# created by ubuntu on Tue Jan 23 15:20:59 2018

type      = 0 # LINEAR_VOX_TO_VOX
nxforms   = 1
mean      = 124.0000 142.0000 136.0000
sigma     = 10000.0000
1 4 4
9.966358542442322e-01 -8.193770796060562e-02 1.796866767108440e-03 1.619815444946289e+01 
8.193757385015488e-02 9.966374635696411e-01 1.477278856327757e-04 -3.685524940490723e+00 
-1.802929211407900e-03 0.000000000000000e+00 9.999983906745911e-01 1.022195529937744e+01 
0.000000000000000e+00 0.000000000000000e+00 0.000000000000000e+00 1.000000000000000e+00 
src volume info
valid = 1  # volume info valid
filename = /usr/local/freesurfer/subjects/3225/mri/norm.mgz
volume = 256 256 256
voxelsize = 1.000000000000000e+00 1.000000000000000e+00 1.000000000000000e+00
xras   = -9.999999403953552e-01 0.000000000000000e+00 0.000000000000000e+00
yras   = 0.000000000000000e+00 0.000000000000000e+00 -9.999999403953552e-01
zras   = 0.000000000000000e+00 9.999999403953552e-01 0.000000000000000e+00
cras   = 7.317880859375000e+02 7.391851196289062e+02 1.470245361328125e+01
dst volume info
valid = 1  # volume info valid
filename = /usr/local/freesurfer/subjects/3225/mri/norm.mgz
volume = 256 256 256
voxelsize = 1.000000000000000e+00 1.000000000000000e+00 1.000000000000000e+00
xras   = -9.999999403953552e-01 0.000000000000000e+00 0.000000000000000e+00
yras   = 0.000000000000000e+00 0.000000000000000e+00 -9.999999403953552e-01
zras   = 0.000000000000000e+00 9.999999403953552e-01 0.000000000000000e+00
cras   = 7.317880859375000e+02 7.391851196289062e+02 1.470245361328125e+01
