# transform file /usr/local/freesurfer/subjects/3080/mri/transforms/cc_up.lta
# created by ubuntu on Mon Jan 22 09:00:57 2018

type      = 0 # LINEAR_VOX_TO_VOX
nxforms   = 1
mean      = 129.0000 112.0000 115.0000
sigma     = 10000.0000
1 4 4
9.999527931213379e-01 4.588076379150152e-03 -8.572911843657494e-03 -1.559870481491089e+00 
-4.587907809764147e-03 9.999895095825195e-01 3.933358311769553e-05 3.259342575073242e+01 
8.573002181947231e-03 3.637979240772582e-12 9.999632835388184e-01 2.488925361633301e+01 
0.000000000000000e+00 0.000000000000000e+00 0.000000000000000e+00 1.000000000000000e+00 
src volume info
valid = 1  # volume info valid
filename = /usr/local/freesurfer/subjects/3080/mri/norm.mgz
volume = 256 256 256
voxelsize = 1.000000000000000e+00 1.000000000000000e+00 1.000000000000000e+00
xras   = -1.000000000000000e+00 0.000000000000000e+00 0.000000000000000e+00
yras   = 0.000000000000000e+00 0.000000000000000e+00 -1.000000000000000e+00
zras   = 0.000000000000000e+00 1.000000000000000e+00 0.000000000000000e+00
cras   = 2.270711059570312e+02 3.010961914062500e+02 4.875993652343750e+02
dst volume info
valid = 1  # volume info valid
filename = /usr/local/freesurfer/subjects/3080/mri/norm.mgz
volume = 256 256 256
voxelsize = 1.000000000000000e+00 1.000000000000000e+00 1.000000000000000e+00
xras   = -1.000000000000000e+00 0.000000000000000e+00 0.000000000000000e+00
yras   = 0.000000000000000e+00 0.000000000000000e+00 -1.000000000000000e+00
zras   = 0.000000000000000e+00 1.000000000000000e+00 0.000000000000000e+00
cras   = 2.270711059570312e+02 3.010961914062500e+02 4.875993652343750e+02
