# transform file /usr/local/freesurfer/subjects/3401/mri/transforms/cc_up.lta
# created by ubuntu on Thu Jan 25 07:39:03 2018

type      = 0 # LINEAR_VOX_TO_VOX
nxforms   = 1
mean      = 130.0000 116.0000 122.0000
sigma     = 10000.0000
1 4 4
9.993219375610352e-01 3.215838223695755e-02 1.792418025434017e-02 -8.694705963134766e+00 
-3.215321153402328e-02 9.994826912879944e-01 -5.767109687440097e-04 3.534796142578125e+01 
-1.793345622718334e-02 -5.820765397457350e-11 9.998391270637512e-01 2.538020133972168e+01 
0.000000000000000e+00 0.000000000000000e+00 0.000000000000000e+00 1.000000000000000e+00 
src volume info
valid = 1  # volume info valid
filename = /usr/local/freesurfer/subjects/3401/mri/norm.mgz
volume = 256 256 256
voxelsize = 1.000000000000000e+00 1.000000000000000e+00 1.000000000000000e+00
xras   = -1.000000000000000e+00 0.000000000000000e+00 0.000000000000000e+00
yras   = 0.000000000000000e+00 0.000000000000000e+00 -1.000000000000000e+00
zras   = 0.000000000000000e+00 1.000000000000000e+00 0.000000000000000e+00
cras   = 2.208658447265625e+02 5.535477905273438e+02 7.941730346679688e+02
dst volume info
valid = 1  # volume info valid
filename = /usr/local/freesurfer/subjects/3401/mri/norm.mgz
volume = 256 256 256
voxelsize = 1.000000000000000e+00 1.000000000000000e+00 1.000000000000000e+00
xras   = -1.000000000000000e+00 0.000000000000000e+00 0.000000000000000e+00
yras   = 0.000000000000000e+00 0.000000000000000e+00 -1.000000000000000e+00
zras   = 0.000000000000000e+00 1.000000000000000e+00 0.000000000000000e+00
cras   = 2.208658447265625e+02 5.535477905273438e+02 7.941730346679688e+02
